26
96   36   82   52   50   10   85   33   61   89   43   19   77   97   57   52   61   84   74   82   79   45   36   35   14   92
83   47   65   88   82   19   72   12   18   48   76   79   76   79   72   52   10   15   46   87   11   39   25   57   75   35
33   89   76   83   58   12   39   96   82   50   92   36   83   97   25   52   43   27   19   82   49   59   95   46   52   17
17   43   84   60   21   72   61   16   20   68   31   10   70   69   63   17   52   36   32   79   65   41   66   85   39   59
27   13   44   55   58   85   36   78   96   77   69   90   78   46   46   57   16   28   40   40   18   93   51   72   68   11
42   58   95   47   76   69   54   51   84   25   74   26   64   12   55   84   71   81   62   74   84   44   58   62   25   59
73   97   80   32   19   36   42   61   39   50   69   37   88   39   18   39   53   97   47   68   89   24   99   96   76   61
82   95   73   84   75   27   46   51   90   94   69   99   18   84   93   68   98   48   31   83   27   90   87   16   25   40
48   42   77   22   56   40   75   83   39   75   90   96   72   86   86   12   49   80   89   93   70   75   18   60   94   67
36   85   46   80   98   96   96   31   33   86   93   65   70   20   88   35   97   91   82   29   78   83   67   32   67   96
14   26   85   14   16   16   58   27   53   10   74   55   88   23   24   32   13   52   82   66   24   17   51   77   66   42
66   76   24   82   79   45   61   83   59   54   61   73   56   95   34   75   18   30   94   49   15   11   15   64   74   52
37   22   67   48   85   81   63   93   60   68   79   22   51   49   24   78   10   13   78   24   90   62   53   78   37   58
62   71   88   62   97   68   36   59   22   56   68   33   17   42   67   53   17   34   76   41   52   84   11   34   61   66
68   40   17   71   97   92   42   13   50   25   61   11   92   54   11   87   38   40   77   57   37   56   94   66   35   32
95   79   86   52   30   15   53   40   34   99   68   66   88   11   84   20   59   10   58   45   35   43   21   85   53   30
59   37   81   98   34   81   28   48   99   41   88   23   62   33   66   51   90   36   91   29   11   77   13   45   80   43
60   31   88   88   73   60   12   23   72   48   21   17   51   31   76   99   58   80   37   49   19   20   16   91   27   93
74   15   91   20   28   76   21   75   25   60   28   20   33   74   13   27   23   44   38   80   26   63   84   82   74   99
90   74   21   77   42   61   88   99   62   99   53   97   87   71   39   54   15   35   75   25   15   43   29   84   54   53
58   19   89   19   36   45   90   95   55   80   99   12   14   45   40   13   33   49   22   93   57   60   78   11   86   15
96   55   32   10   30   86   35   37   99   42   67   68   17   72   20   14   49   84   73   36   40   61   57   12   47   53
50   44   99   59   90   89   90   87   17   88   73   28   50   63   40   64   65   63   84   67   39   55   96   56   73   98
66   44   62   35   53   54   20   92   50   49   57   69   30   98   93   67   63   96   92   63   41   56   25   64   13   74
62   67   36   14   90   18   34   14   86   12   34   85   36   25   28   10   11   65   44   60   14   14   43   45   81   84
67   59   58   73   59   38   45   27   19   43   93   66   51   70   62   15   92   46   39   61   32   78   14   46   84   60
