26
54   24   27   68   73   66   39   85   92   85   11   36   71   19   12   85   82   23   37   56   81   17   96   27   72   74
84   69   64   11   83   15   16   85   58   32   54   85   15   43   99   77   39   90   96   24   41   12   84   82   16   46
50   69   47   84   54   81   67   48   30   14   98   31   11   80   17   90   81   83   76   95   55   98   96   43   19   28
13   90   47   85   44   83   51   11   14   79   10   62   85   58   54   34   92   87   68   51   12   37   33   68   53   99
38   11   74   57   44   53   15   19   82   76   53   18   68   73   45   66   78   92   40   55   32   35   40   72   65   85
59   55   64   89   11   71   35   75   63   40   69   83   78   10   88   84   67   77   45   62   89   91   57   14   54   61
30   96   15   66   61   56   86   52   91   72   62   68   32   15   37   41   29   46   99   29   99   37   80   55   56   49
67   93   26   81   64   78   95   69   87   75   55   93   56   77   50   86   94   57   72   31   73   99   74   69   11   18
15   15   76   10   31   62   78   31   48   18   48   75   73   36   99   76   44   57   97   90   57   29   58   89   27   56
39   73   79   44   99   10   30   66   20   26   88   26   52   84   21   14   83   17   86   25   41   39   67   75   51   68
56   27   63   63   72   93   74   49   32   68   95   33   84   23   37   40   17   80   34   68   95   73   33   52   46   94
47   68   45   54   23   16   48   82   53   20   20   64   41   47   16   68   91   72   54   58   44   98   51   18   41   14
85   20   68   43   92   17   39   33   27   34   20   21   83   55   88   66   58   51   25   84   59   56   50   36   44   17
76   74   69   97   42   79   70   72   98   44   97   69   64   67   90   64   79   25   15   39   92   98   23   81   27   12
26   40   77   89   52   12   39   75   29   70   78   80   70   27   52   50   91   39   34   45   86   80   23   56   28   27
32   20   69   48   29   20   95   20   90   32   18   29   35   70   90   75   83   34   69   82   51   79   50   51   41   16
26   68   85   74   42   18   74   77   12   80   81   81   38   43   50   61   46   80   32   98   10   50   61   88   62   94
72   57   37   53   25   17   44   29   48   26   40   93   54   69   89   56   75   23   50   47   69   36   90   60   33   25
86   48   85   29   32   11   27   49   13   10   72   35   97   83   56   10   38   32   47   83   49   58   99   15   40   62
43   75   94   78   92   17   82   94   63   29   31   80   37   28   89   17   86   13   28   32   84   41   25   49   70   86
92   10   41   39   48   17   60   72   55   93   20   91   27   24   57   96   92   78   80   74   88   71   20   71   34   54
77   60   74   88   16   41   33   40   88   82   14   89   23   85   79   49   83   43   44   45   10   55   23   63   46   67
11   62   22   12   42   98   14   74   20   69   91   98   47   94   61   64   58   64   82   30   73   17   99   13   85   16
28   56   45   24   10   45   31   93   29   15   95   49   60   39   24   90   87   42   16   46   58   85   90   26   35   26
10   38   23   83   51   96   19   77   40   47   74   85   78   22   94   71   36   15   58   90   64   47   98   37   41   27
14   59   73   91   59   23   46   60   87   15   21   37   38   59   72   60   62   72   80   18   47   40   21   56   25   16
